 40
334
 76
234
953
558
817
 56
561
 62
974
516
 49
684
943
935
220
746
109
648
982
531
636
779
830
393
820
288
758
 71
530
798
405
605
 33
358
164
849
413
724
910
387
241
958
185
894
291
930
  4
938
912
534
575
692
364
967
513
652
726
583
183
524
987
788
556
345
951
676
316
146
917
275
216
102
169
506
 32
172
445
944
706
 20
 70
150
722
713
732
904
237
720
693
792
 66
644
198
823
321
969
238
339
956
691
371
129
136
315
835
156
905
143
101
627
855
833
532
 93
554
225
884
620
869
 83
444
191
596
428
384
597
767
341
289
138
470
425
453
305
580
210
723
837
578
340
369
670
893
594
555
464
638
654
370
 82
618
966
256
680
441
733
261
845
983
351
780
562
690
233
584
743
 98
207
426
 55
861
660
424
278
390
236
646
664
327
221
397
587
571
417
121
133
108
270
365
 14
154
579
843
239
267
 25
517
657
752
303
629
814
217
883
155
787
300
919
408
545
285
 99
439
887
 18
730
860
257
997
885
774
702
527
299
585
116
802
999
589
188
509
707
793
806
232
250
507
421
815
281
807
816
751
617
932
419
931
422
  8
231
610
937
343
310
634
542
437
703
283
449
581
389
782
140
  7
714
649
645
433
876
681
949
813
 24
259
801
993
361
854
994
137
474
494
410
862
193
  3
889
906
651
552
747
403
696
427
955
797
 84
757
790
440
245
781
718
276
294
159
486
235
363
957
110
372
613
761
411
871
518
202
317
846
756
114
628
640
832
903
934
414
 63
420
111
812
473
190
582
130
550
388
742
337
209
668
355
525
537
201
282
650
829
921
483
896
794
 89
126
378
960
975
864
348
498
166
226
353
139
988
731
783
625
688
750
204
 26
179
374
132
768
543
 37
478
739
695
 92
677
834
927
665
828
659
448
284
456
 35
100
227
839
 30
601
735
162
472
503
704
497
249
918
878
595
712
268
260
540
926
708
211
844
 95
246
 46
754
273
593
375
873
329
346
104
248
302
842
711
103
810
655
287
701
 42
973
847
963
352
795
125
 17
152
318
214
332
307
886
127
 79
366
888
407
328
 41
304
  5
495
799
 88
923
295
292
598
825
952
719
336
734
 85
224
492
673
533
976
277
 19
381
803
  6
557
603
840
481
574
705
791
258
 27
563
914
899
800
776
161
401
504
882
 78
588
771
333
362
940
360
764
908
924
175
572
 77
458
836
 47
607
891
356
406
631
818
 29
990
438
915
623
488
 61
123
373
831
877
769
671
459
298
 90
619
326
 81
 57
773
354
148
385
902
331
309
265
 34
493
117
736
586
663
 44
939
142
679
933
 67
242
675
857
907
643
485
436
559
 53
218
151
898
 69
163
 91
936
141
609
124
181
251
382
653
775
522
685
755
469
311
182
206
759
145
286
158
467
809
717
462
867
546
519
 75
 94
872
199
484
460
950
770
269
541
535
 87
476
496
998
415
508
128
848
568
377
229
689
529
666
633
131
 48
404
 80
853
342
394
897
 86
 50
 54
134
567
674
243
570
335
656
961
263
 38
454
538
616
765
590
709
669
551
622
630
901
796
925
760
468
115
879
548
514
874
171
647
119
608
700
197
 31
968
306
615
490
271
569
621
359
475
416
766
383
195
991
466
457
785
205
977
173
947
599
980
536
330
176
 58
741
380
826
895
435
442
254
480
549
875
200
418
786
 13
913
266
 74
602
463
865
244
744
230
223
687
 72
264
661
992
312
965
777
 51
280
710
523
 23
398
881
920
971
 15
451
 28
985
395
763
392
313
892
624
577
402
174
922
487
118
429
 10
 59
512
662
290
929
 96
614
461
189
376
112
255
122
325
491
870
247
308
253
 36
219
804
296
890
431
350
715
450
399
521
981
600
740
962
215
187
941
 45
165
 64
856
479
880
762
821
 12
168
344
240
667
347
824
592
738
682
811
942
728
434
626
170
213
212
729
544
611
357
637
368
367
293
859
686
996
423
106
838
105
 68
863
 73
841
  9
946
320
160
 22
727
322
 60
510
147
748
 65
412
948
 39
928
177
612
186
324
945
745
989
805
409
 21
699
511
697
972
167
252
379
208
737
228
502
694
641
455
  2
319
911
789
274
678
153
430
900
500
396
778
338
149
683
 16
539
203
447
391
482
184
716
784
979
672
970
192
 43
135
753
565
 97
272
827
297
725
819
564
658
852
196
144
349
808
632
698
501
868
566
772
477
180
639
120
858
591
262
520
301
157
  1
547
721
432
986
465
560
576
909
 52
573
635
499
642
222
323
604
850
526
314
959
107
851
178
471
505
386
749
606
279
400
443
528
984
 11
113
964
194
978
866
452
995
515
954
489
446
822
553
916