712
7
609
44
735
500
708
458
325
29
154
278
75
401
409
742
819
890
474
453
593
638
72
605
273
561
676
104
902
185
888
170
809
949
470
861
276
228
177
624
758
86
483
835
327
981
159
973
511
571
80
208
639
776
507
780
581
270
232
423
218
158
176
960
834
814
69
344
333
903
957
163
22
489
911
67
670
677
270
476
384
919
829
418
449
606
293
692
431
952
586
102
202
470
357
481
422
682
762
283
194
649
968
862
706
717
212
858
798
891
882
550
407
518
595
573
697
426
474
901
290
12
636
710
258
564
444
40
587
368
342
934
813
86
341
903
121
638
499
453
964
700
756
973
32
749
748
404
156
871
857
148
268
228
614
686
76
822
885
212
250
304
982
464
290
753
110
376
696
480
973
521
541
478
938
444
992
875
797
668
63
140
71
934
484
498
323
227
802
487
364
758
745
851
570
34
252
265
216
940
735
225
937
240
545
541
64
581
906
889
135
965
139
744
197
300
302
621
227
513
521
694
621
219
841
795
827
400
272
873
862
693
155
441
135
619
452
518
984
802
374
605
260
56
331
392
300
590
5
17
377
808
813
988
130
733
147
971
123
777
715
596
379
290
273
58
100
899
621
418
223
757
629
430
461
920
791
495
808
253
690
106
436
499
480
494
409
128
987
353
766
665
308
497
984
903
731
312
580
214
576
15
928
781
714
970
465
515
183
266
500
968
24
296
205
594
435
781
560
960
36
463
427
180
349
567
565
889
153
686
180
873
255
409
713
447
500
424
589
405
229
769
342
134
289
831
526
635
420
733
619
884
48
102
4
307
992
226
769
607
564
891
157
117
825
219
661
295
765
901
406
367
702
559
470
628
466
651
463
307
170
509
330
854
668
659
655
529
34
235
519
940
400
350
529
316
57
714
860
421
588
920
722
542
916
787
850
269
404
288
467
815
282
718
67
322
994
592
232
16
31
26
27
903
310
503
689
26
414
209
66
250
507
739
236
721
950
697
373
668
207
121
968
873
142
813
662
107
869
131
501
348
898
274
602
760
921
163
438
573
30
578
553
924
810
440
734
857
165
170
932
771
920
820
138
537
673
189
633
281
524
467
841
327
875
580
46
602
343
578
912
681
274
151
514
782
890
951
357
364
210
165
596
292
845
750
429
250
185
899
923
503
162
778
107
512
692
49
93
362
114
567
700
249
183
943
337
748
57
228
461
710
25
338
403
391
742
789
449
764
322
344
904
724
28
47
648
102
713
330
364
957
709
914
569
850
74
213
944
613
783
611
766
84
769
125
352
687
922
179
162
487
446
137
647
812
992
356
349
793
75
805
849
597
618
133
345
929
634
529
490
990
905
696
584
46
549
664
221
850
127
242
740
539
90
818
686
168
579
967
17
656
116
552
157
191
771
283
879
571
503
936
359
524
126
742
868
420
208
208
867
492
447
678
859
557
584
114
840
39
223
263
976
729
730
779
472
560
320
319
425
543
396
173
281
217
79
956
385
557
862
559
333
86
85
394
580
898
48
98
197
381
680
119
218
628
809
5
293
260
753
697
322
722
121
253
396
856
46
332
286
927
929
365
893
467
338
120
168
197
591
280
922
511
876
522
614
790
973
534
303
295
913
681
361
324
87
491
791
439
932
778
35
610
950
161
567
294
782
100
37
208
255
770
422
443
916
216
499
20
219
657
701
196
905
631
625
30
606
445
784
847
201
533
35
61
143
708
395
305
122
317
683
943
110
523
318
85
406
403
495
890
496
764
260
113
817
900
525
424
325
474
910
401
144
985
996
800
183
167
515
497
64
280
540
737
421
980
722
631
103
67
867
279
961
564
552
720
767
414
733
31
93
268
489
896
424
988
314
552
469
791
14
773
630
525
819
142
278
574
645
567
922
860
336
62
69
136
118
821
538
705
931
669
122
907
365
317
823
94
68
275
62
425
493
446
709
262
478
442
895
686
353
291
623
66
92
564
393
631
490
908
644
359
14
553
308
822
693
160
617
120
388
756
327
955
471
947
327
433
240
738
185
81
83
178
392
669
961
374
110
646
638
743
920
609
333
150
146
99
251
30
112
429
636
966
58
854
474
606
107
145
662
382
160
126
964
52
15
876
106
583
214
780
511
538
669
651
666
639
186
563
415
774
690
198
331
916
508
478
702
5
843
185
559
785
636
359
228
11
689
48
828
453
937
272
886
724
905
374
745
639
88
391
412
700
844
910
787
512
752
374
91
633
314
841
695
723
400
131
225
995
564
761
67
864
635
420
772
641
